%YAML:1.0
---
fx: 980.325092
fy: 980.5575669
cx: 967.8289654
cy: 634.9325625
k1: 1.131598242
k2: 0.197016327
p1: 0.000292543
p2: -0.000203605
k3: 0.00077753
k4: 1.528699743
k5: 0.53024053
k6: 0.021728861