%YAML:1.0
---
fx: 980.079315
fy: 981.1179
cx: 962.4724694
cy: 636.7634015
k1: 2.281288
k2: 0.605667
p1: 0.0000562697
p2: -0.00041
k3: 0.008237
k4: 2.686921
k5: 1.371632
k6: 0.094357